0,399
16,7
13,15
13,14
13,13
13,12
67,84
67,83
67,82
67,81
67,80
67,79
67,78
67,77
67,76
67,75
67,74
67,73
67,72
67,71
67,70
13,11
67,69
67,68
67,67
67,66
67,65
13,16
67,64
13,17
67,1
66,20
66,19
66,18
66,17
66,16
13,19
66,15
66,14
66,13
66,12
11,6
66,11
11,2
66,10
11,1
66,1
65,9
65,8
65,7
65,6
65,5
11,5
65,4
65,3
65,2
65,1
12,6
65,0
56,5
12,2
56,2
12,1
56,1
55,5
55,2
12,5
10,19
55,1
10,37
10,25
10,15
10,13
10,21
54,5
54,1
50,5
13,42
13,34
13,59
13,51
50,1
36,5
13,2
36,2
16,8
36,1
16,1
32,2
16,6
28,2
21,7
16,2
21,6
21,5
21,2
16,5
21,1
20,5
20,2
8,7
20,1
19,10
19,9
19,8
19,7
8,6
19,6
19,5
8,2
19,2
8,1
19,1
18,7
8,5
18,6
18,5
5,6
18,2
5,2
18,1
17,8
17,7
5,1
17,6
17,5
17,2
5,5
17,1
15,9
6,6
15,2
14,9
6,2
14,2
6,1
13,132
13,130
13,129
13,128
13,75
13,74
13,73
13,72
13,71
13,70
13,69
